0.165
1.44
0.77
1
0.5
0.5
9.63
0.83
0.165
1.44
0.77
1
0.5
0.5
9.62
0.88
0.165
1.44
0.77
1
0.5
0.5
12.68
0.83
0.165
1.44
0.73
1
0.5
0.5
8.54
0.49
0.165
1.44
0.73
1
0.5
0.5
6.71
0.97
0.165
1.44
0.69
1
0.5
0.5
3.24
0.11
0.165
1.44
0.69
1
0.5
0.5
3.61
0.12
0.165
1.44
0.69
1
0.5
0.5
3.71
0.17
0.165
1.44
0.69
1
0.5
0.5
3.19
0.22
0.165
1.44
0.69
1
0.5
0.5
6.77
0.54
0.165
1.44
0.69
1
0.5
0.5
8.53
0.67
0.165
1.44
0.69
1
0.5
0.5
9.81
0.39
0.165
1.44
0.69
1
0.5
0.5
9.13
1.27
0.165
1.44
0.65
1
0.5
0.5
5.57
0.93
0.165
1.44
0.65
1
0.5
0.5
6.93
0.49
0.165
1.44
0.65
1
0.5
0.5
7.59
1.27
0.165
1.44
0.65
1
0.5
0.5
9.01
1.66
0.165
1.44
0.73
1
0.1
0.1
6.53
0.36
0.165
1.44
0.69
1
0.1
0.1
2.89
0.14
0.165
1.44
0.69
1
0.1
0.1
5.19
0.73
0.165
1.44
0.69
1
0.1
0.1
6.75
0.83
0.165
1.44
0.65
1
0.1
0.1
3.44
0.18
0.165
1.44
0.65
1
0.1
0.1
5.08
0.45
0.165
1.44
0.65
1
0.1
0.1
4.76
0.59
0.165
1.44
0.65
1
0.1
0.1
5.06
0.86
0.165
1.44
0.65
1
0.1
0.1
7.1
0.5
0.165
1.44
0.65
1
0.1
0.1
8.34
1.81
0.165
1.44
0.65
1
0.1
0.1
10.37
2.96
0.165
1.44
0.61
1
0.1
0.1
6.14
1.65
0.165
1.44
0.61
1
0.1
0.1
7.67
1.92
0.687
1.35
0.64
1.75
1
1
4.01
0.17
0.687
1.35
0.64
1.75
1
1
4.68
0.21
0.687
1.35
0.64
1.75
1
1
6.79
0.45
0.687
1.35
0.64
1.75
1
1
8.67
0.79
0.687
1.35
0.64
1.75
1
1
9.35
1.2
0.687
1.35
0.64
1.75
1
1
11.99
1.59
0.687
1.35
0.64
1.75
1
1
13.93
1.98
0.352
1.9
0.65
1.75
1
1
1.76
0.09
0.352
1.9
0.65
1.75
1
1
2.12
0.09
0.352
1.9
0.65
1.75
1
1
2.21
0.1
0.352
1.9
0.65
1.75
1
1
2.36
0.05
0.352
1.9
0.65
1.75
1
1
2.77
0.1
0.352
1.9
0.65
1.75
1
1
3.23
0.1
0.352
1.9
0.65
1.75
1
1
2.98
0.16
0.352
1.9
0.65
1.75
1
1
3.63
0.15
0.352
1.9
0.65
1.75
1
1
3.78
0.18
0.352
1.9
0.65
1.75
1
1
3.79
0.2
0.352
1.9
0.65
1.75
1
1
3.71
0.2
0.352
1.9
0.65
1.75
1
1
3.29
0.21
0.352
1.9
0.65
1.75
1
1
3.59
0.24
0.352
1.9
0.65
1.75
1
1
3.41
0.25
0.352
1.9
0.65
1.75
1
1
3.66
0.3
0.352
1.9
0.65
1.75
1
1
4.01
0.29
0.14
1.25
0.56
2.25
1
1
1.91
0.08
0.14
1.25
0.56
2.25
1
1
3.14
0.29
0.14
1.25
0.56
2.25
1
1
3.37
0.45
0.14
1.25
0.56
2.25
1
1
3.8
0.35
0.14
1.25
0.56
2.25
1
1
4.02
0.45
0.14
1.25
0.56
2.25
1
1
4.09
0.52
0.14
1.25
0.56
2.25
1
1
3.91
0.55
0.14
1.25
0.56
2.25
1
1
4.31
0.61
0.14
1.25
0.56
2.25
1
1
4.72
0.67
0.14
1.25
0.56
2.25
1
1
4.78
0.63
0.14
1.25
0.56
2.25
1
1
4.66
0.74
0.14
1.25
0.56
2.25
1
1
5.24
0.85
0.14
1.25
0.56
2.25
1
1
5.13
0.87
0.14
1.25
0.56
2.25
1
1
5.36
1.19
0.14
1.25
0.56
2.25
1
1
5.52
1.51
0.14
1.25
0.56
2.25
1
1
5.69
1.6
0.14
1.25
0.56
2.25
1
1
5.5
1.79
0.14
1.25
0.56
2.25
1
1
5.91
1.81
0.14
1.25
0.56
2.25
1
1
5.95
2.12
0.68
1.29
0.67
2.25
1
1
2.24
0.07
0.68
1.29
0.67
2.25
1
1
2.57
0.08
0.68
1.29
0.67
2.25
1
1
3.15
0.14
0.68
1.29
0.67
2.25
1
1
3.37
0.25
0.68
1.29
0.67
2.25
1
1
3.74
0.17
0.68
1.29
0.67
2.25
1
1
4.06
0.34
0.68
1.29
0.67
2.25
1
1
4.28
0.41
0.68
1.29
0.67
2.25
1
1
4.58
0.31
0.68
1.29
0.67
2.25
1
1
5.71
0.56
0.68
1.29
0.67
2.25
1
1
5.79
0.59
0.68
1.29
0.67
2.25
1
1
6.68
0.79
0.68
1.29
0.67
2.25
1
1
6.43
0.82
0.68
1.29
0.67
2.25
1
1
7.59
1.18
0.68
1.29
0.67
2.25
1
1
7.24
1.26
0.68
1.29
0.67
2.25
1
1
7.68
1.31
0.68
1.29
0.67
2.25
1
1
8.09
1.58
0.68
1.29
0.67
2.25
1
1
9.36
1.89
0.52
6.23
0.43
2.25
1
1
1.49
0.14
0.52
6.23
0.43
2.25
1
1
2.35
0.22
0.52
6.23
0.43
2.25
1
1
2.65
0.2
0.52
6.23
0.43
2.25
1
1
3.15
0.2
0.52
6.23
0.43
2.25
1
1
3.75
0.25
0.52
6.23
0.43
2.25
1
1
3.75
0.28
0.52
6.23
0.43
2.25
1
1
3.64
0.44
0.52
6.23
0.43
2.25
1
1
3.91
0.4
0.52
6.23
0.43
2.25
1
1
4.14
0.42
0.52
6.23
0.43
2.25
1
1
3.98
0.55
0.52
6.23
0.43
2.25
1
1
4.22
0.55
0.52
6.23
0.43
2.25
1
1
4.55
0.5
0.52
6.23
0.43
2.25
1
1
4.52
0.55
0.52
6.23
0.43
2.25
1
1
4.27
0.58
0.52
6.23
0.43
2.25
1
1
5.13
0.72
0.52
6.23
0.43
2.25
1
1
5.32
0.97
0.52
6.23
0.43
2.25
1
1
5.88
1.13
0.52
6.23
0.43
2.25
1
1
5.85
1.46
0.52
6.23
0.43
2.25
1
1
6.32
1.56
0.52
6.23
0.43
2.25
1
1
6.44
1.79
0.52
6.23
0.43
2.25
1
1
6.77
1.98
0.37
2.21
0.622
3.25
1
1
6.52
0.52
0.44
2.75
0.454
3.25
1
1
6.02
0.57
1.6
1.35
0.66
3.25
1
1
2.32
1.2
1.6
1.35
0.66
3.25
1
1
3.03
1.62
1.6
1.35
0.66
3.25
1
1
2.61
1.39
1.6
1.35
0.66
3.25
1
1
2.61
1.39
1.6
1.35
0.66
3.25
1
1
5.07
2.67
1.6
1.35
0.66
3.25
1
1
8.38
4.47
1.6
1.35
0.66
3.25
1
1
6.97
3.72
1.6
1.35
0.66
3.25
1
1
6.76
3.61
1.6
1.35
0.66
3.25
1
1
11.83
6.27
1.6
1.35
0.66
3.25
1
1
14.37
7.7
1.6
1.35
0.66
3.25
1
1
13.59
7.25
1.6
1.35
0.66
3.25
1
1
13.24
7.06
1.6
1.35
0.66
3.25
1
1
21.83
11.64
1.6
1.35
0.66
3.25
1
1
26.69
14.23
1.6
1.35
0.66
3.25
1
1
19.86
10.59
1.6
1.35
0.66
3.25
1
1
22.82
12.17
0.26
1.65
0.67
1.24
0.25
0.25
2.07
0.13
0.26
1.65
0.67
1.24
0.25
0.25
2.69
0.16
0.26
1.65
0.67
1.24
0.25
0.25
2.95
0.19
0.26
1.65
0.67
1.24
0.25
0.25
3.45
0.22
0.26
1.65
0.67
1.24
0.25
0.25
3.78
0.23
0.26
1.65
0.67
1.24
0.25
0.25
3.96
0.3
0.26
1.65
0.67
1.24
0.25
0.25
4.27
0.31
0.26
1.65
0.67
1.24
0.25
0.25
4.47
0.34
0.26
1.65
0.67
1.24
0.25
0.25
5.17
0.44
0.26
1.65
0.67
1.24
0.25
0.25
5.48
0.53
0.26
1.65
0.67
1.24
0.25
0.25
6.46
0.8
0.26
1.65
0.67
1.24
0.25
0.25
6.98
0.97
0.26
1.65
0.67
2.36
0.25
0.25
3.49
0.3
0.26
1.65
0.67
2.36
0.25
0.25
4
0.39
0.26
1.65
0.67
2.36
0.25
0.25
4.59
0.58
0.26
1.65
0.67
2.36
0.25
0.25
5.52
0.85
0.26
1.65
0.67
2.36
0.25
0.25
6.18
0.98
0.26
1.65
0.67
2.36
0.25
0.25
6.61
1.18
0.26
1.65
0.67
2.36
0.25
0.25
7
1.53
0.26
1.65
0.67
4.46
0.25
0.25
2.06
0.39
0.26
1.65
0.67
4.46
0.25
0.25
3.08
0.54
0.26
1.65
0.67
4.46
0.25
0.25
3.61
0.77
0.26
1.65
0.67
4.46
0.25
0.25
4.3
0.93
0.26
1.65
0.67
4.46
0.25
0.25
4.84
1.17
0.26
1.65
0.67
4.46
0.25
0.25
5.2
1.47
0.26
1.65
0.67
4.46
0.25
0.25
5.69
2.07
0.26
1.65
0.67
4.46
0.25
0.25
6.25
3
0.26
1.65
0.67
4.46
0.25
0.25
6.83
3.39
0.26
1.65
0.67
4.46
0.25
0.25
7.42
3.85
0.26
1.65
0.67
4.46
0.25
0.25
7.96
3.81
0.26
1.65
0.67
4.46
0.25
0.25
8.1
4.03
0.26
1.65
0.67
1.24
0.5
0.5
2.56
0.33
0.26
1.65
0.67
1.24
0.5
0.5
2.95
0.41
0.26
1.65
0.67
1.24
0.5
0.5
3.77
0.52
0.26
1.65
0.67
1.24
0.5
0.5
4.16
0.61
0.26
1.65
0.67
1.24
0.5
0.5
5.49
0.96
0.26
1.65
0.67
1.24
0.5
0.5
5.96
1.17
0.26
1.65
0.67
1.24
0.5
0.5
6.46
1.31
0.26
1.65
0.67
1.24
0.5
0.5
6.97
1.72
0.26
1.65
0.67
2.36
0.5
0.5
2.28
0.27
0.26
1.65
0.67
2.36
0.5
0.5
3.8
0.44
0.26
1.65
0.67
2.36
0.5
0.5
4.11
0.48
0.26
1.65
0.67
2.36
0.5
0.5
5.99
0.98
0.26
1.65
0.67
2.36
0.5
0.5
6.41
1.1
0.26
1.65
0.67
2.36
0.5
0.5
6.8
1.21
0.26
1.65
0.67
2.36
0.5
0.5
7
1.39
0.26
1.65
0.67
2.36
0.5
0.5
7.19
1.58
0.26
1.65
0.67
4.46
0.5
0.5
2.57
0.3
0.26
1.65
0.67
4.46
0.5
0.5
2.96
0.34
0.26
1.65
0.67
4.46
0.5
0.5
3.38
0.35
0.26
1.65
0.67
4.46
0.5
0.5
3.98
0.52
0.26
1.65
0.67
4.46
0.5
0.5
4.36
0.64
0.26
1.65
0.67
4.46
0.5
0.5
4.97
0.77
0.26
1.65
0.67
4.46
0.5
0.5
5.26
0.82
0.26
1.65
0.67
4.46
0.5
0.5
5.76
0.96
0.26
1.65
0.67
4.46
0.5
0.5
6.15
1.12
0.26
1.65
0.67
4.46
0.5
0.5
7.36
1.57
0.26
1.65
0.67
4.46
0.5
0.5
7.99
1.91
0.26
1.65
0.67
1.24
1
1
2.06
0.22
0.26
1.65
0.67
1.24
1
1
2.26
0.21
0.26
1.65
0.67
1.24
1
1
3.26
0.4
0.26
1.65
0.67
1.24
1
1
3.45
0.42
0.26
1.65
0.67
1.24
1
1
3.77
0.4
0.26
1.65
0.67
1.24
1
1
5.37
0.92
0.26
1.65
0.67
1.24
1
1
5.76
1.01
0.26
1.65
0.67
1.24
1
1
5.96
1.2
0.26
1.65
0.67
1.24
1
1
6.97
1.83
0.26
1.65
0.67
1.24
1
1
7.27
1.91
0.26
1.65
0.67
1.24
1
1
7.47
1.88
0.26
1.65
0.67
2.36
1
1
2
0.19
0.26
1.65
0.67
2.36
1
1
2.2
0.16
0.26
1.65
0.67
2.36
1
1
4.51
0.39
0.26
1.65
0.67
2.36
1
1
4.82
0.41
0.26
1.65
0.67
2.36
1
1
5
0.53
0.26
1.65
0.67
2.36
1
1
6.1
0.77
0.26
1.65
0.67
2.36
1
1
6.29
0.79
0.26
1.65
0.67
2.36
1
1
7.59
1.52
0.26
1.65
0.67
2.36
1
1
8.01
1.64
0.26
1.65
0.67
2.36
1
1
8.2
1.79
0.26
1.65
0.67
4.46
1
1
2.44
0.18
0.26
1.65
0.67
4.46
1
1
2.68
0.19
0.26
1.65
0.67
4.46
1
1
2.95
0.16
0.26
1.65
0.67
4.46
1
1
4.79
0.3
0.26
1.65
0.67
4.46
1
1
5.06
0.35
0.26
1.65
0.67
4.46
1
1
5.48
0.45
0.26
1.65
0.67
4.46
1
1
6.67
0.82
0.26
1.65
0.67
4.46
1
1
6.97
0.87
0.26
1.65
0.67
4.46
1
1
7.17
1
0.26
1.65
0.67
4.46
1
1
8.07
1.43
0.26
1.65
0.67
4.46
1
1
8.26
1.62
0.26
1.65
0.67
4.46
1
1
8.48
1.77
0.72
1.17
0.64
1
0.67
0.1
6.5
2.5
0.22
1.4
0.74
1
0.67
0.1
10.83
3.04
0.12
1.7
0.74
1
0.67
0.1
13.9
2.6
0.166
1.64
0.7
3
1
1
12.6
0.7
0.166
1.64
0.7
3
1
1
13.2
0.9
0.166
1.64
0.7
3
1
1
13.8
2.1
0.166
1.64
0.7
3
1
1
14
1.2
0.166
1.64
0.7
3
1
1
14.6
1.5
0.166
1.64
0.7
3
1
1
14
1.7
0.166
1.64
0.7
3
1
1
14.5
1
0.166
1.64
0.7
3
1
1
14.5
1.3
0.166
1.64
0.7
3
1
1
14.5
2.2
0.166
1.64
0.7
3
1
1
14.8
2.3
0.166
1.64
0.7
3
1
1
15.5
0.9
0.166
1.64
0.7
3
1
1
15.8
1.3
0.166
1.64
0.7
3
1
1
16.3
2.3
0.166
1.64
0.7
3
1
1
16.8
1.6
0.166
1.64
0.7
3
1
1
16.8
1.9
0.166
1.64
0.7
3
1
1
17.5
1.7
0.166
1.64
0.7
3
1
1
17.5
4.2
0.166
1.64
0.7
3
1
1
18.6
1.7
0.166
1.64
0.7
3
1
1
19.1
2.3
0.166
1.64
0.7
3
1
1
20.3
2
0.166
1.64
0.7
3
1
1
20.3
2.7
0.166
1.64
0.7
3
1
1
20
3.8
0.166
1.64
0.7
3
1
1
20.3
4
0.166
1.64
0.7
3
1
1
20.5
2.9
0.166
1.64
0.7
3
1
1
21.4
3.8
0.166
1.64
0.7
3
1
1
22.5
4.2
0.166
1.64
0.7
3
1
1
23.4
2.5
0.166
1.64
0.7
3
1
1
22.6
7.6
0.166
1.64
0.7
3
1
1
23.2
6
0.166
1.64
0.7
3
1
1
23.1
4
0.166
1.64
0.7
3
1
1
23.2
6.2
0.166
1.64
0.7
3
1
1
24.7
2.7
0.166
1.64
0.7
3
1
1
24.8
4.7
0.166
1.64
0.7
3
1
1
26.2
4.9
0.166
1.64
0.7
3
1
1
25.2
5.9
0.166
1.64
0.7
3
1
1
27.3
5.8
0.165
1.44
0.59
1
0.38
0.25
5.92
2.78
0.165
1.44
0.59
1
0.38
0.25
6.07
3.15
0.165
1.44
0.59
1
0.38
0.25
6.76
4.14
0.165
1.44
0.59
1
0.38
0.25
6.49
4.34
0.165
1.44
0.59
1
0.38
0.25
6.61
5.48
0.165
1.44
0.59
1
0.38
0.25
6.81
3.11
0.165
1.44
0.59
1
0.75
0.5
6.77
3.79
0.165
1.44
0.59
1
0.75
0.5
7.05
3.71
0.165
1.44
0.59
1
0.75
0.5
6.83
2.73
0.165
1.44
0.59
1
0.75
0.5
7.16
3.8
0.165
1.44
0.59
1
0.75
0.5
6.39
3.62
0.165
1.44
0.59
1
0.75
0.5
7.04
5.64
0.165
1.44
0.59
1
1.5
1
3.47
1.04
0.165
1.44
0.59
1
1.5
1
4.39
2.46
0.165
1.44
0.59
1
1.5
1
5.67
1.7
0.165
1.44
0.59
1
1.5
1
5.76
2.28
0.165
1.44
0.59
1
1.5
1
6.99
1.85
0.165
1.44
0.59
1
1.5
1
7.33
2.8
0.47
1.35
0.64
0.6
0.25
0.25
3.68
0.54
0.47
1.35
0.64
0.6
0.25
0.25
4.05
0.48
0.47
1.35
0.64
0.6
0.25
0.25
4.53
0.63
0.47
1.35
0.64
0.6
0.25
0.25
8.1
1.69
0.47
1.35
0.64
0.6
0.25
0.25
8.4
1.78
0.47
1.35
0.64
0.6
0.25
0.25
8.68
1.6
0.47
1.35
0.64
0.6
0.25
0.25
9.23
1.45
0.47
1.35
0.64
0.6
0.25
0.25
9.4
1.73
0.47
1.35
0.64
0.6
0.25
0.25
9.65
1.87
0.47
1.35
0.64
0.6
0.25
0.25
11.63
2.46
0.47
1.35
0.64
0.6
0.25
0.25
11.7
2.69
0.47
1.35
0.64
0.6
0.25
0.25
12.75
2.34
0.47
1.35
0.64
0.6
0.25
0.25
13.38
2.84
0.47
1.35
0.64
0.6
0.25
0.25
14.5
2.88
0.47
1.35
0.64
0.6
0.25
0.25
14.6
3.15
0.47
1.35
0.64
0.6
0.25
0.25
15.73
3.56
0.47
1.35
0.64
0.6
0.25
0.25
13.95
4
0.47
1.35
0.64
0.6
0.25
0.25
14.25
4.28
0.47
1.35
0.64
0.6
0.25
0.25
15.98
4.34
0.47
1.35
0.64
0.6
0.5
0.5
7.07
1.11
0.47
1.35
0.64
0.6
0.5
0.5
7.01
1.29
0.47
1.35
0.64
0.6
0.5
0.5
8.42
1.3
0.47
1.35
0.64
0.6
0.5
0.5
10.55
1.43
0.47
1.35
0.64
0.6
0.5
0.5
15.95
2.49
0.47
1.35
0.64
0.6
0.5
0.5
21.25
2.96
0.47
1.35
0.64
0.6
0.5
0.5
21.91
2.85
0.47
1.35
0.64
0.6
0.5
0.5
22.53
3.56
0.47
1.35
0.64
0.6
0.5
0.5
23.57
3.39
0.47
1.35
0.64
0.6
0.5
0.5
23.51
3.56
0.47
1.35
0.64
0.6
0.5
0.5
23.95
3.95
0.47
1.35
0.64
0.6
0.5
0.5
25.92
4.08
0.47
1.35
0.64
0.6
0.5
0.5
28.4
4.88
0.47
1.35
0.64
0.6
0.75
0.75
8.96
1.82
0.47
1.35
0.64
0.6
0.75
0.75
9.74
1.84
0.47
1.35
0.64
0.6
0.75
0.75
10.77
2.22
0.47
1.35
0.64
0.6
0.75
0.75
12.42
2.13
0.47
1.35
0.64
0.6
0.75
0.75
12.17
2.78
0.47
1.35
0.64
0.6
0.75
0.75
14.82
4.33
0.47
1.35
0.64
0.6
0.75
0.75
15.79
4.01
0.47
1.35
0.64
0.6
0.75
0.75
16.16
4.61
0.47
1.35
0.64
0.6
0.75
0.75
17.87
5.36
0.47
1.35
0.64
0.6
0.75
0.75
18.72
5.13
0.47
1.35
0.64
0.6
0.75
0.75
22.27
5.05
0.47
1.35
0.64
0.6
0.75
0.75
23.49
5.86
0.47
1.35
0.64
0.6
0.75
0.75
25.42
5.88
0.47
1.35
0.64
0.6
0.75
0.75
26.38
6.11
0.47
1.35
0.64
0.6
0.75
0.75
27.16
5.94
0.47
1.35
0.64
0.6
0.75
0.75
28.5
5.81
0.47
1.35
0.64
0.6
0.75
0.75
28.97
6.11
0.47
1.35
0.64
0.6
0.75
0.75
29.47
6.83
0.25
1.3
1.04
1
0.5
0.5
12.1
0.58
0.25
1.3
1.02
1
0.5
0.5
12.8
0.66
0.25
1.3
0.98
1
0.5
0.5
20.3
2.75
0.47
1.35
0.64
0.6
0.25
0.25
2.02
0.18
0.47
1.35
0.64
0.6
0.25
0.25
1.9
0.12
0.47
1.35
0.64
0.6
0.25
0.25
2
0.08
0.47
1.35
0.64
0.3
0.5
0.5
4.87
0.41
0.47
1.35
0.64
0.3
0.5
0.5
5.28
0.42
0.47
1.35
0.64
0.3
0.5
0.5
5.23
0.49
0.47
1.35
0.64
0.3
0.5
0.5
5.04
0.48
0.47
1.35
0.64
0.3
0.5
0.5
4.96
0.51
0.47
1.35
0.64
0.3
0.5
0.5
5.11
0.53
0.47
1.35
0.64
0.3
0.5
0.5
4.82
0.59
0.47
1.35
0.64
0.6
0.5
0.5
7.23
1.28
0.47
1.35
0.64
0.6
0.5
0.5
7.48
1.29
0.47
1.35
0.64
0.6
0.5
0.5
7.91
1.36
0.47
1.35
0.64
0.9
0.5
0.5
8.62
1.39
0.47
1.35
0.64
0.9
0.5
0.5
9.23
1.45
0.47
1.35
0.64
0.9
0.5
0.5
9.5
1.42
0.47
1.35
0.64
1.2
0.5
0.5
10.75
1.9
0.47
1.35
0.64
0.6
1
1
10.34
1.85
0.47
1.35
0.64
0.6
1.5
1.5
13.71
2.14
0.47
1.35
0.64
0.6
1.5
1.5
14.51
2.23
0.47
1.35
0.64
0.6
1.5
1.5
12.18
2.08
0.47
1.35
0.64
0.6
1.5
1.5
13.32
2.11
