n
1
1
18.0
1
14.0
1
4.0
1
3.0
1
9
1
88
10
3
2
8.5
3
2.08
1
4.40
1
0
6
3
n
1
2
18.0
1
14.0
1
4.0
1
3.0
1
9
1
88
10
3
2
8.5
3
2.08
1
4.40
1
0
3
0
n
1
3
18.0
1
14.0
1
4.0
1
3.0
1
9
1
88
10
3
2
8.5
3
2.08
1
4.40
1
0
6
0
d
2
4
19.0
1
14.0
1
5.0
1
4.0
2
25
4
60
4
15
5
7.8
2
1.96
1
2.54
1
2
4
0
d
2
5
19.0
1
14.0
1
5.0
1
4.0
2
25
4
60
4
15
5
7.8
2
1.96
1
2.54
1
0
5
0
d
2
6
19.0
1
14.0
1
5.0
1
4.0
2
25
4
60
4
15
5
7.8
2
1.96
1
2.60
1
2
4
3
c
3
7
20.0
1
20.0
4
0.0
1
1.0
1
29
5
62
5
9
4
7.3
2
1.89
1
3.20
1
2
4
0
c
3
8
20.0
1
20.0
4
0.0
1
1.0
1
29
5
62
5
9
4
7.3
2
1.89
1
3.20
1
0
5
0
c
3
9
20.0
1
20.0
4
0.0
1
1.0
1
29
5
62
5
9
4
7.3
2
1.89
1
3.30
1
2
4
3
g
4
10
20.0
1
19.0
3
1.0
1
30
5
70
6
0
1
8.3
3
1.65
0
1.90
0
0
5
0
g
4
11
20.0
1
19.0
3
1.0
1
30
5
70
6
0
1
8.3
3
1.65
0
1.90
0
0
4
0
g
4
12
20.0
1
19.0
3
1.0
1
30
5
70
6
0
1
8.3
3
1.65
0
2.00
1
0
4
3
s
5
13
21.0
2
17.0
3
4.0
1
2.5
1
14
2
57
4
29
6
8.5
3
2.08
1
4.70
1
0
6
3
s
5
14
21.0
2
17.0
3
4.0
1
2.5
1
14
2
57
4
29
6
8.5
3
2.08
1
4.70
1
0
4
0
s
5
15
21.0
2
17.0
3
4.0
1
2.5
1
14
2
57
4
29
6
8.5
3
2.08
1
4.70
1
0
6
0
i
6
16
22.0
2
22.0
4
0.0
1
1.0
1
12
2
43
1
45
7
8.7
3
2.20
1
3.90
1
0
4
3
i
6
17
22.0
2
22.0
4
0.0
1
1.0
1
12
2
43
1
45
7
8.7
3
2.20
1
3.90
1
0
4
0
q
7
18
22.0
2
17.0
3
5.0
1
3.0
1
19
3
37
1
44
7
8.4
3
2.12
1
4.20
1
0
6
3
q
7
19
22.0
2
17.0
3
5.0
1
3.0
1
19
3
37
1
44
7
8.4
3
2.12
1
4.20
1
0
5
0
q
7
20
22.0
2
17.0
3
5.0
1
3.0
1
19
3
37
1
44
7
8.4
3
2.12
1
4.20
1
0
6
0
c
8
21
22.0
2
19.0
3
3.0
1
2.0
1
33
6
58
4
9
4
9.9
4
1.72
0
2.95
1
0
5
3
c
8
22
22.0
2
19.0
3
3.0
1
2.0
1
33
6
58
4
9
4
9.9
4
1.72
0
2.95
1
0
6
0
c
8
23
22.0
2
19.0
3
3.0
1
2.0
1
33
6
58
4
9
4
9.9
4
1.72
0
2.95
1
0
5
0
g
9
24
22.0
2
19.0
3
3.0
1
5.5
3
40
7
60
4
0
1
11.4
6
1.92
1
2.70
1
0
6
0
g
9
25
22.0
2
19.0
3
3.0
1
5.5
3
40
7
60
4
0
1
11.4
6
1.92
1
2.70
1
2
4
3
g
9
26
22.0
2
19.0
3
3.0
1
5.5
3
40
7
60
4
0
1
11.4
6
1.92
1
2.70
1
2
4
0
p
10
27
23.0
2
18.0
3
5.0
1
3.0
1
26
5
56
4
18
5
10.0
4
1.90
1
3.00
1
4
4
3
p
10
28
23.0
2
18.0
3
5.0
1
3.0
1
26
5
56
4
18
5
10.0
4
1.90
1
3.10
1
4
4
0
p
10
29
23.0
2
18.0
3
5.0
1
3.0
1
26
5
56
4
18
5
10.0
4
1.90
1
3.10
1
0
5
0
l
11
30
23.0
2
15.0
2
8.0
2
4.5
2
40
7
60
4
0
1
13.5
8
1.83
1
1.80
0
2
4
0
l
11
31
23.0
2
15.0
2
8.0
2
4.5
2
40
7
60
4
0
1
13.5
8
1.83
1
1.80
0
3
3
0
l
11
32
23.0
2
15.0
2
8.0
2
4.5
2
40
7
60
4
0
1
13.5
8
1.83
1
1.95
0
3
3
3
d
12
33
23.0
2
18.0
3
5.0
1
3.8
2
43
7
57
4
0
1
11.5
6
2.00
1
2.90
1
2
4
3
d
12
34
23.0
2
18.0
3
5.0
1
3.8
2
43
7
57
4
0
1
11.5
6
2.00
1
2.90
1
4
6
0
d
12
35
23.0
2
18.0
3
5.0
1
3.8
2
43
7
57
4
0
1
11.5
6
2.00
1
2.90
1
2
4
0
d
12
36
23.0
2
18.0
3
5.0
1
3.8
2
43
7
57
4
0
1
11.5
6
2.00
1
2.90
1
0
6
0
d
12
37
23.0
2
18.0
3
5.0
1
3.8
2
43
7
57
4
0
1
11.5
6
2.00
1
2.90
1
0
6
0
f
13
38
23.0
2
22.0
4
1.0
1
6.0
3
46
7
48
2
6
3
9.8
4
1.73
0
1.00
0
0
6
3
f
13
39
23.0
2
22.0
4
1.0
1
6.0
3
46
7
48
2
6
3
9.8
4
1.73
0
1.10
0
4
2
0
f
13
40
23.0
2
22.0
4
1.0
1
6.0
3
46
7
48
2
6
3
9.8
4
1.73
0
1.10
0
0
6
0
1
14
41
24.0
2
20.0
4
4.0
1
1.0
1
14
2
88
10
0
1
7.7
2
2.00
1
4.10
1
0
6
3
1
14
42
24.0
2
20.0
4
4.0
1
1.0
1
14
2
88
10
0
1
7.7
2
2.00
1
4.10
1
0
4
0
1
14
43
24.0
2
20.0
4
4.0
1
1.0
1
14
2
88
10
0
1
7.7
2
2.00
1
4.10
1
0
6
0
o
15
44
24.0
2
21.0
4
3.0
1
2.0
1
33
6
58
4
9
4
10.8
5
1.75
0
2.30
1
2
4
3
o
15
45
24.0
2
21.0
4
3.0
1
2.0
1
33
6
58
4
9
4
10.8
5
1.75
0
2.30
1
0
6
0
o
15
46
24.0
2
21.0
4
3.0
1
2.0
1
33
6
58
4
9
4
10.8
5
1.75
0
2.30
1
2
4
0
d
16
47
25.0
2
12.0
1
13.0
3
5.5
3
19
3
51
3
30
6
10.1
5
1.67
0
1.86
0
5
0
0
d
16
48
25.0
2
12.0
1
13.0
3
5.5
3
19
3
51
3
30
6
10.1
5
1.67
0
1.86
0
6
0
0
d
16
49
25.0
2
12.0
1
13.0
3
5.5
3
19
3
51
3
30
6
10.1
5
1.67
0
1.90
0
6
0
3
d
16
50
25.0
2
12.0
1
13.0
3
5.5
3
19
3
51
3
30
6
10.1
5
1.67
0
2.70
1
0
6
0
k
17
51
25.0
2
21.0
4
4.0
1
2.0
1
30
5
63
5
7
3
7.9
2
1.98
1
4.10
1
0
6
3
k
17
52
25.0
2
21.0
4
4.0
1
2.0
1
30
5
63
5
7
3
7.9
2
1.98
1
4.10
1
0
5
0
k
17
53
25.0
2
21.0
4
4.0
1
2.0
1
30
5
63
5
7
3
7.9
2
1.98
1
4.10
1
0
6
0
p
18
54
25.0
2
5.0
2
40
7
60
4
0
1
1.85
0
4
2
0
1
19
55
26.0
3
19.0
3
7.0
2
4.0
2
30
5
70
6
0
1
12.7
7
1.86
1
2.30
1
3
3
0
8
19
56
26.0
3
19.0
3
7.0
2
4.0
2
30
5
70
6
0
1
12.7
7
1.86
1
2.30
1
3
3
3
8
19
57
26.0
3
19.0
3
7.0
2
4.0
2
30
5
70
6
0
1
12.7
7
1.86
1
2.30
1
0
5
0
4
20
58
27.0
3
16.0
2
12.0
3
6.0
3
34
6
63
5
3
2
8.7
3
1.93
1
2.05
1
3
3
0
4
20
59
27.0
3
16.0
2
12.0
3
6.0
3
34
6
63
5
3
2
8.7
3
1.93
1
2.05
1
3
3
3
4
20
60
27.0
3
16.0
2
12.0
3
6.0
3
34
6
63
5
3
2
8.7
3
1.93
1
2.05
1
4
2
0
g
21
61
27.0
3
24.0
5
3.0
1
51
7
49
2
0
1
16.3
8
1.45
0
1.20
0
2
4
3
g
21
62
27.0
3
24.0
5
3.0
1
51
7
49
2
0
1
16.3
8
1.45
0
1.20
0
4
2
0
g
21
63
27.0
3
24.0
5
3.0
1
51
7
49
2
0
1
16.3
8
1.45
0
1.20
0
2
4
0
g
22
64
28.0
3
19.0
3
9.0
2
5.5
3
22
4
60
1
18
5
6.0
1
2.15
1
3.30
1
2
2
0
g
22
65
28.0
3
19.0
3
9.0
2
5.5
3
22
4
60
1
18
5
6.0
1
2.15
1
3.30
1
2
2
3
g
22
66
28.0
3
19.0
3
9.0
2
5.5
3
22
4
60
1
18
5
6.0
1
2.15
1
3.30
1
2
4
0
r
23
67
28.0
3
19.0
3
9.0
2
4.5
2
24
4
70
6
6
3
12.8
7
1.84
1
2.80
1
4
4
3
r
23
68
28.0
3
19.0
3
9.0
2
4.5
2
24
4
70
6
6
3
12.8
7
1.84
1
2.93
1
2
5
0
r
23
69
28.0
3
19.0
3
9.0
2
4.5
2
24
4
70
6
6
3
12.8
7
1.84
1
2.93
1
4
4
0
3
24
70
29.0
3
16.0
2
13.0
3
7.0
3
5
1
33
1
62
7
9.7
4
2.01
1
2.00
1
2
4
0
3
24
71
29.0
3
16.0
2
13.0
3
7.0
3
5
1
33
1
62
7
9.7
4
2.01
1
2.00
1
4
0
0
3
24
72
29.0
3
16.0
2
13.0
3
7.0
3
5
1
33
1
62
7
9.7
4
2.01
1
2.20
1
2
4
3
a
25
73
29.0
3
20.0
4
9.0
2
4.0
2
20
3
68
6
12
4
12.6
7
1.61
0
1.95
0
0
6
3
a
25
74
29.0
3
20.0
4
9.0
2
4.0
2
20
3
68
6
12
4
12.6
7
1.61
0
2.00
1
2
4
0
a
25
75
29.0
3
20.0
4
9.0
2
4.0
2
20
3
68
6
12
4
12.6
7
1.61
0
2.00
1
0
6
0
a
25
76
29.0
3
20.0
4
9.0
2
4.0
2
20
3
68
6
12
4
12.6
7
1.61
0
2.05
1
0
6
0
2
26
77
29.0
3
12.0
1
17.0
4
8.7
4
25
4
75
7
0
1
12.3
7
1.99
1
1.98
0
0
6
3
2
26
78
29.0
3
12.0
1
17.0
4
8.7
4
25
4
75
7
0
1
12.3
7
1.99
1
2.96
1
5
0
0
2
26
79
29.0
3
12.0
1
17.0
4
8.7
4
25
4
75
7
0
1
12.3
7
1.99
1
2.96
1
0
6
0
h
27
80
29.0
3
18.0
3
11.0
3
4.8
2
28
5
52
3
20
5
10.1
5
1.90
1
4.60
1
2
4
3
h
27
81
29.0
3
18.0
3
11.0
3
4.8
2
28
5
52
3
20
5
10.1
5
1.90
1
4.60
1
6
0
0
h
27
82
29.0
3
18.0
3
11.0
3
4.8
2
28
5
52
3
20
5
10.1
5
1.90
1
4.60
1
2
4
0
t
28
83
29.0
3
22.0
4
7.0
2
4.0
2
29
5
49
2
23
6
8.1
3
1.97
1
3.25
1
0
6
3
t
28
84
29.0
3
22.0
4
7.0
2
4.0
2
29
5
49
2
23
6
8.1
3
1.97
1
3.25
1
0
5
0
t
28
85
29.0
3
22.0
4
7.0
2
4.0
2
29
5
49
2
23
6
8.1
3
1.97
1
3.25
1
0
6
0
p
29
86
29.0
3
14.0
1
15.0
3
7.0
3
32
6
50
2
18
5
11.4
6
1.69
0
2.20
1
0
6
0
2
30
87
29.0
3
12.0
1
17.0
4
9.0
4
34
6
66
6
0
1
11.2
6
2.09
1
1.82
0
6
2
0
2
30
88
29.0
3
12.0
1
17.0
4
9.0
4
34
6
66
6
0
1
11.2
6
2.09
1
1.82
0
0
6
0
2
30
89
29.0
3
12.0
1
17.0
4
9.0
4
34
6
66
6
0
1
11.2
6
2.09
1
2.00
1
0
6
3
p
31
90
29.0
3
14.0
1
15.0
3
6.2
3
52
7
30
1
18
5
11.4
6
1.69
0
2.62
1
4
0
3
p
31
91
29.0
3
14.0
1
15.0
3
6.2
3
52
7
30
1
18
5
11.4
6
1.69
0
2.62
1
4
0
0
e
32
92
29.0
3
22.0
4
7.0
2
4.5
2
53
7
39
1
8
3
18.5
8
1.78
0
2.20
1
0
4
3
e
32
93
29.0
3
22.0
4
7.0
2
4.5
2
53
7
39
1
8
3
18.5
8
1.78
0
2.20
1
2
4
0
e
32
94
29.0
3
22.0
4
7.0
2
4.5
2
53
7
39
1
8
3
18.5
8
1.78
0
2.20
1
0
4
0
b
33
95
30.0
3
18.0
3
12.0
3
5.0
2
23
4
60
4
17
5
10.1
5
1.97
1
3.00
1
4
4
0
b
33
96
30.0
3
18.0
3
12.0
3
5.0
2
23
4
60
4
17
5
10.1
5
1.97
1
3.00
1
4
4
3
b
33
97
30.0
3
18.0
3
12.0
3
5.0
2
23
4
60
4
17
5
10.1
5
1.97
1
3.00
1
4
0
0
1
34
98
30.0
3
14.0
1
16.0
4
9.0
4
32
6
50
2
18
5
9.4
4
1.83
1
3.00
1
2
4
3
1
34
99
30.0
3
14.0
1
16.0
4
9.0
4
32
6
50
2
18
5
9.4
4
1.83
1
3.00
1
6
2
0
1
34
100
30.0
3
14.0
1
16.0
4
9.0
4
32
6
50
2
18
5
9.4
4
1.83
1
3.00
1
2
4
0
m
35
101
31.0
4
25.0
5
6.0
2
4.0
2
22
4
42
1
36
6
7.3
2
1.94
1
3.80
1
0
6
3
m
35
102
31.0
4
25.0
5
6.0
2
4.0
2
22
4
42
1
36
6
7.3
2
1.94
1
3.80
1
0
5
0
m
35
103
31.0
4
25.0
5
6.0
2
4.0
2
22
4
42
1
36
6
7.3
2
1.94
1
3.80
1
0
6
0
2
36
104
31.0
4
14.0
1
17.0
4
10.0
5
23
4
77
8
0
1
8.8
3
2.12
1
3.90
1
5
0
0
2
36
105
31.0
4
14.0
1
17.0
4
10.0
5
23
4
77
8
0
1
8.8
3
2.12
1
3.90
1
0
6
0
2
36
106
31.0
4
14.0
1
17.0
4
10.0
5
23
4
77
8
0
1
8.8
3
2.12
1
4.00
1
0
6
3
1
37
107
32.0
4
17.0
3
6.0
2
3.7
2
18
3
82
9
0
1
6.9
1
1.82
1
2.95
1
6
2
0
1
37
108
32.0
4
17.0
3
6.0
2
3.7
2
18
3
82
9
0
1
6.9
1
1.82
1
2.95
1
0
6
0
1
37
109
32.0
4
17.0
3
6.0
2
3.7
2
18
3
82
9
0
1
6.9
1
1.82
1
3.00
1
0
6
3
g
38
110
32.0
4
12.0
1
20.0
4
8.0
4
20
3
73
7
7
3
8.2
3
1.96
1
1.93
0
0
6
3
g
38
111
32.0
4
12.0
1
20.0
4
8.0
4
20
3
73
7
7
3
8.2
3
1.96
1
1.93
0
3
0
0
g
38
112
32.0
4
12.0
1
20.0
4
8.0
4
20
3
73
7
7
3
8.2
3
1.96
1
1.93
0
0
6
0
g
39
113
32.0
4
24.0
5
8.0
2
4.0
2
30
5
70
6
0
1
9.3
4
1.92
1
2.15
1
3
3
0
9
39
114
32.0
4
24.0
5
8.0
2
4.0
2
30
5
70
6
0
1
9.3
4
1.92
1
2.15
1
0
5
0
9
39
115
32.0
4
24.0
5
8.0
2
4.0
2
30
5
70
6
0
1
9.3
4
1.92
1
2.20
1
3
3
3
c
40
116
32.0
4
17.0
3
15.0
3
9.0
4
31
6
62
5
7
3
13.0
7
1.95
1
3.10
1
4
4
3
c
40
117
32.0
4
17.0
3
15.0
3
9.0
4
31
6
62
5
7
3
13.0
7
1.95
1
3.10
1
3
0
0
c
40
118
32.0
4
17.0
3
15.0
3
9.0
4
31
6
62
5
7
3
13.0
7
1.95
1
3.10
1
4
4
0
d
41
119
32.0
4
13.0
1
19.0
4
9.0
4
32
6
64
5
4
2
8.8
3
1.69
0
1.98
0
6
0
0
d
41
120
32.0
4
13.0
1
19.0
4
9.0
4
32
6
64
5
4
2
8.8
3
1.69
0
1.98
0
2
4
0
d
41
121
32.0
4
13.0
1
19.0
4
9.0
4
32
6
64
5
4
2
8.8
3
1.69
0
2.30
1
2
4
3
a
42
122
33.0
4
12.0
1
21.0
5
10.2
5
35
6
65
5
0
1
16.0
8
1.81
1
2.45
1
2
6
3
a
42
123
33.0
4
12.0
1
21.0
5
10.2
5
35
6
65
5
0
1
16.0
8
1.81
1
2.45
1
6
0
0
a
42
124
33.0
4
12.0
1
21.0
5
10.2
5
35
6
65
5
0
1
16.0
8
1.81
1
2.45
1
2
6
0
d
43
125
33.5
4
18.0
3
6.5
2
4.0
2
7
1
93
10
0
1
5.4
1
1.70
0
2.01
1
0
6
3
d
43
126
33.5
4
18.0
3
6.5
2
4.0
2
7
1
93
10
0
1
5.4
1
1.70
0
2.01
1
5
0
0
d
43
127
33.5
4
18.0
3
6.5
2
4.0
2
7
1
93
10
0
1
5.4
1
1.70
0
2.01
1
0
6
0
8
44
128
35.0
4
27.0
6
8.0
2
3.0
1
13
2
83
9
4
2
8.2
3
2.21
1
4.20
1
3
3
0
8
44
129
35.0
4
27.0
6
8.0
2
3.0
1
13
2
83
9
4
2
8.2
3
2.21
1
4.20
1
3
3
3
8
44
130
35.0
4
27.0
6
8.0
2
3.0
1
13
2
83
9
4
2
8.2
3
2.21
1
4.20
1
0
4
0
h
45
131
35.0
4
15.0
2
20.0
4
9.0
4
25
4
65
5
10
4
11.7
6
1.65
0
1.60
0
2
4
0
h
45
132
35.0
4
15.0
2
20.0
4
9.0
4
25
4
65
5
10
4
11.7
6
1.65
0
2.30
1
5
0
0
h
45
133
35.0
4
15.0
2
20.0
4
9.0
4
25
4
65
5
10
4
11.7
6
1.65
0
2.30
1
0
6
0
h
45
134
35.0
4
15.0
2
20.0
4
9.0
4
25
4
65
5
10
4
11.7
6
1.65
0
2.60
1
0
6
3
3
46
135
35.0
4
21.0
4
14.0
2
5.0
2
29
5
71
7
0
1
8.0
2
2.10
1
2.10
1
0
6
3
3
46
136
35.0
4
21.0
4
14.0
2
5.0
2
29
5
71
7
0
1
8.0
2
2.10
1
2.27
1
0
6
0
3
46
137
35.0
4
21.0
4
14.0
2
5.0
2
29
5
71
7
0
1
8.0
2
2.10
1
2.27
1
5
0
0
e
47
138
35.0
4
29.0
6
6.0
3
5.0
2
29
5
63
5
8
3
8.8
3
2.04
1
3.21
1
2
4
0
e
47
139
35.0
4
29.0
6
6.0
3
5.0
2
29
5
63
5
8
3
8.8
3
2.04
1
3.21
1
0
5
0
e
47
140
35.0
4
29.0
6
6.0
3
5.0
2
29
5
63
5
8
3
8.8
3
2.04
1
3.30
1
2
4
3
4
48
141
35.0
4
17.0
3
18.0
4
7.0
3
34
6
54
3
12
4
10.9
5
1.89
1
2.87
1
0
6
0
g
49
142
36.0
5
17.0
3
19.0
4
8.0
4
20
3
34
1
46
7
7.0
1
1.90
1
2.80
1
6
0
0
g
49
143
36.0
5
17.0
3
19.0
4
8.0
4
20
3
34
1
46
7
7.0
1
1.90
1
2.80
1
0
6
0
g
49
144
36.0
5
17.0
3
19.0
4
8.0
4
20
3
34
1
46
7
7.0
1
2.15
1
2.90
1
0
6
0
g
49
145
36.0
5
17.0
3
19.0
4
8.0
4
20
3
34
1
46
7
7.0
1
1.90
1
3.00
1
0
6
3
d
50
146
36.4
5
19.0
3
18.0
4
8.5
4
23
4
77
8
0
1
9.4
4
1.92
1
2.02
1
0
6
3
d
50
147
36.4
5
19.0
3
18.0
4
8.5
4
23
4
77
8
0
1
9.4
4
1.92
1
2.02
1
5
0
0
d
50
148
36.4
5
19.0
3
18.0
4
8.5
4
23
4
77
8
0
1
9.4
4
1.92
1
2.02
1
0
6
0
b
51
149
37.0
5
16.0
2
21.0
5
6.5
3
32
6
31
1
37
6
12.4
7
1.90
1
4.90
1
6
2
0
b
51
150
37.0
5
16.0
2
21.0
5
6.5
3
32
6
31
1
37
6
12.4
7
1.90
1
4.90
1
2
6
0
b
51
151
37.0
5
16.0
2
21.0
5
6.5
3
32
6
31
1
37
6
12.4
7
1.90
1
5.00
1
2
6
3
7
52
152
37.0
5
14.0
1
23.0
5
11.0
5
34
6
66
6
0
1
10.6
5
1.47
0
1.50
0
2
4
0
1
53
153
38.0
5
23.0
5
14.0
3
5.7
3
15
2
85
9
0
1
7.9
2
1.93
1
2.00
1
0
6
3
1
53
154
38.0
5
23.0
5
14.0
3
5.7
3
15
2
85
9
0
1
7.9
2
1.93
1
2.00
1
6
0
0
1
53
155
38.0
5
23.0
5
14.0
3
5.7
3
15
2
85
9
0
1
7.9
2
1.93
1
2.00
1
0
6
0
g
54
156
38.0
5
17.0
3
20.0
4
9.7
5
16
3
72
7
12
4
10.5
5
1.82
1
1.88
0
0
6
3
g
54
157
38.0
5
17.0
3
20.0
4
9.7
5
16
3
72
7
12
4
10.5
5
1.82
1
1.88
0
4
0
0
g
54
158
38.0
5
17.0
3
20.0
4
9.7
5
16
3
72
7
12
4
10.5
5
1.82
1
1.88
0
0
6
0
6
55
159
38.0
5
17.0
3
21.0
5
10.8
5
33
6
60
4
7
3
9.1
4
1.78
0
2.30
1
2
4
0
a
56
160
39.0
5
25.0
5
14.0
3
6.9
3
27
5
65
5
8
3
12.0
6
1.86
1
3.00
1
0
6
0
l
57
161
40.0
5
20.0
4
20.0
4
9.0
4
6
1
94
10
0
1
7.1
2
1.98
1
1.61
0
6
2
0
l
57
162
40.0
5
20.0
4
20.0
4
9.0
4
6
1
94
10
0
1
7.1
2
1.98
1
1.61
0
0
6
0
l
57
163
40.0
5
20.0
4
20.0
4
9.0
4
6
1
94
10
0
1
7.1
2
1.98
1
2.00
1
0
6
3
7
58
164
40.0
5
15.0
2
24.0
5
11.0
5
17
3
83
9
0
1
9.2
4
1.97
1
3.98
1
0
6
0
7
59
165
40.0
5
18.0
3
23.0
5
9.5
5
33
6
67
6
0
1
7.8
2
1.92
1
2.99
1
2
4
0
7
60
166
40.0
5
17.0
3
23.0
5
37
7
52
3
11
4
10.9
5
1.78
0
2.30
1
2
4
0
g
61
167
41.0
6
21.0
4
20.0
4
11.0
5
23
4
77
8
0
1
19.0
8
1.70
0
1.69
0
0
6
3
g
61
168
41.0
6
21.0
4
20.0
4
11.0
5
23
4
77
8
0
1
19.0
8
1.70
0
1.69
0
4
0
0
g
61
169
41.0
6
21.0
4
20.0
4
11.0
5
23
4
77
8
0
1
19.0
8
1.70
0
1.69
0
0
6
0
8
62
170
41.0
6
14.0
1
27.0
6
13.8
6
43
7
52
3
5
2
2.90
1
2
4
0
d
63
171
42.0
6
23.0
5
19.0
4
7.8
4
30
5
65
5
5
2
9.3
4
1.44
0
2.30
1
0
6
3
d
63
172
42.0
6
23.0
5
19.0
4
7.8
4
30
5
65
5
5
2
9.3
4
1.44
0
2.30
1
5
0
0
d
63
173
42.0
6
23.0
5
19.0
4
7.8
4
30
5
65
5
5
2
9.3
4
1.44
0
2.30
1
0
6
0
7
64
174
42.0
6
20.0
4
22.0
5
8.0
4
30
5
55
3
15
5
9.7
4
1.86
1
2.79
1
0
6
0
8
65
175
42.0
6
15.0
2
27.0
6
6.0
3
33
6
67
6
0
1
12.2
7
1.98
1
2.96
1
2
6
0
d
66
176
43.3
6
15.0
2
28.0
6
13.5
6
10
1
90
10
0
1
16.5
8
1.76
0
1.82
0
0
6
0
l
67
177
43.5
6
15.8
2
27.7
6
12.0
6
23
4
77
8
0
1
3.60
1
0
6
0
7
68
178
44.0
6
22.0
4
23.0
5
14.0
6
24
4
53
3
23
6
8.7
3
2.01
1
3.20
1
0
6
0
7
69
179
44.0
6
18.0
3
26.0
6
11.5
6
33
6
62
5
5
2
8.9
3
1.79
0
2.25
1
2
4
0
9
70
180
45.0
6
12.0
1
33.0
7
15.0
6
10
1
90
10
0
1
14.8
8
1.76
0
1.98
0
0
6
0
e
71
181
45.0
6
26.0
6
19.0
4
9.0
4
34
6
58
4
8
3
10.5
5
1.82
1
1.75
0
2
4
0
e
71
182
45.0
6
26.0
6
19.0
4
9.0
4
34
6
58
4
8
3
10.5
5
1.82
1
2.45
1
6
2
0
e
71
183
45.0
6
26.0
6
19.0
4
9.0
4
34
6
58
4
8
3
10.5
5
1.82
1
2.45
1
4
2
0
e
71
184
45.0
6
26.0
6
19.0
4
9.0
4
34
6
58
4
8
3
10.5
5
1.82
1
2.50
1
4
2
3
j
72
185
45.0
6
27.0
6
18.0
4
8.5
4
35
6
52
3
13
5
12.5
7
1.82
1
1.90
0
2
4
0
j
72
186
45.0
6
27.0
6
18.0
4
8.5
4
35
6
52
3
13
5
12.5
7
1.82
1
4.10
1
2
5
0
j
72
187
45.0
6
27.0
6
18.0
4
8.5
4
35
6
52
3
13
5
12.5
7
1.82
1
4.10
1
2
5
3
j
72
188
45.0
6
27.0
6
18.0
4
8.5
4
35
6
52
3
13
5
12.5
7
1.82
1
4.10
1
6
2
0
9
73
189
46.0
7
18.0
3
27.0
6
14.0
6
8
1
92
10
0
1
4.00
1
0
6
0
e
74
190
46.0
7
16.0
2
30.0
6
9.5
5
12
2
71
7
17
5
14.8
8
1.52
0
1.80
0
0
6
0
e
74
191
46.0
7
16.0
2
30.0
6
9.5
5
12
2
71
7
17
5
14.8
8
1.52
0
1.82
0
4
4
0
g
75
192
46.0
7
17.0
3
29.0
6
13.5
6
16
3
84
9
0
1
2.90
1
0
6
0
d
76
193
49.0
7
15.0
2
33.0
7
11.5
6
14
2
86
10
0
1
3.10
1
0
6
0
7
77
194
50.0
7
24.0
5
26.0
6
15.5
6
13
2
87
10
0
1
3.30
1
0
6
0
n
78
195
50.0
7
16.0
2
35.0
7
12.0
6
24
4
76
8
0
1
2.30
1
0
6
0
a
79
196
50.0
7
15.0
2
35.0
7
5.5
3
32
6
58
4
10
4
10.2
5
1.94
1
3.00
1
4
2
0
7
80
197
51.0
7
25.0
5
26.0
6
8.0
4
8
1
92
10
0
1
7.9
2
2.15
1
4.02
1
0
6
0
g
81
198
51.0
7
23.0
5
28.0
6
22
4
78
8
0
1
3.70
1
0
6
0
b
82
199
51.0
7
15.0
2
36.0
7
15.5
6
33
6
67
6
0
1
2.70
1
2
4
0
6
83
200
52.0
7
34.0
6
18.0
4
4.0
2
16
3
47
2
37
6
8.7
3
2.01
1
5.40
1
0
6
0
e
84
201
53.0
7
14.0
1
39.0
7
16.0
6
9
1
91
10
0
1
1.70
0
0
6
0
g
85
202
55.0
7
20.0
4
35.0
7
15.0
6
15
2
85
9
0
1
14.0
8
1.52
0
1.20
0
0
6
0
d
86
203
55.0
7
23.0
5
32.0
7
22
4
78
8
0
1
15.5
8
1.55
0
1.57
0
0
6
0
b
87
204
55.0
7
19.0
3
36.0
7
12.0
6
40
7
60
4
0
1
1.20
0
6
0
0
7
88
205
55.0
7
30.0
6
25.0
5
5.5
3
43
7
57
4
0
1
16.0
8
1.87
1
3.30
1
0
6
0
7
89
206
57.0
7
36.0
6
21.0
5
5.4
3
22
4
78
8
0
1
9.0
3
2.10
1
3.40
1
0
6
0
a
90
207
57.0
7
22.0
4
35.0
7
16.8
6
24
4
56
4
20
5
3.70
1
0
6
0
n
91
208
58.0
7
16.0
2
42.0
7
15.0
6
14
2
86
10
0
1
22.7
8
1.60
0
1.35
0
6
0
0
c
92
209
58.0
7
22.0
4
36.0
7
17.0
6
35
6
65
5
0
1
1.30
0
6
0
0
d
93
210
61.0
7
24.0
5
37.0
7
14.5
6
12
2
76
8
12
4
1.40
0
2
4
0
e
94
211
61.0
7
15.0
2
45.0
7
15.3
6
23
4
77
8
0
1
1.20
0
6
0
0
e
95
212
64.0
7
20.0
4
44.0
7
17.5
6
19
3
78
8
3
2
1.30
0
6
0
0
f
96
213
65.0
7
14.0
1
51.0
7
14.0
6
14
2
86
10
0
1
20.0
8
1.60
0
1.50
0
4
2
0
n
97
214
66.0
7
24.0
5
42.0
7
14.5
6
17
3
83
9
0
1
28.0
8
1.52
0
1.25
0
6
0
0
e
98
215
67.0
7
18.0
3
48.0
7
14.5
6
29
5
71
7
0
1
1.45
0
4
2
0
b
99
216
68.0
7
20.0
4
48.0
7
17.0
6
14
2
86
10
0
1
1.45
0
4
2
0
f
100
217
72.0
7
26.0
6
46.0
7
19.8
6
10
1
90
10
0
1
1.15
0
6
0
0
e
101
218
72.0
7
23.0
5
48.0
7
15.5
6
20
3
75
7
5
2
1.25
0
4
2
0
d
102
219
72.0
7
23.0
5
49.0
7
16.5
6
25
4
60
4
15
5
11.2
6
1.60
0
1.30
0
2
4
0
d
102
220
72.0
7
23.0
5
49.0
7
16.5
6
25
4
60
4
15
5
11.2
6
1.60
0
1.50
0
2
4
0
g
103
221
73.0
7
22.0
4
51.0
7
18.0
6
7
1
93
10
0
1
1.15
0
4
2
0
d
104
222
73.0
7
27.0
6
47.0
7
18.0
6
11
2
89
10
0
1
1.22
0
6
0
0
l
105
223
73.0
7
25.0
5
48.0
7
16.0
6
12
2
79
8
9
4
16.0
8
1.59
0
1.70
0
2
4
0
l
105
224
73.0
7
25.0
5
48.0
7
16.0
6
12
2
79
8
9
4
16.0
8
1.59
0
1.90
0
0
6
0
b
106
225
76.0
7
28.0
6
48.0
7
18.0
6
10
1
90
10
0
1
1.00
0
4
2
0
h
107
226
76.0
7
17.0
3
59.0
7
18.0
6
20
3
80
8
0
1
1.76
0
4
2
0
i
108
227
83.0
7
23.0
5
60.0
7
17.5
6
13
2
84
9
3
2
1.20
0
4
2
0
l
109
228
89.0
7
19.0
3
69.0
7
14
2
86
10
0
1
25.5
8
1.51
0
1.40
0
4
2
0
j
110
229
90.0
7
25.0
5
65.0
7
17.5
6
15
2
85
9
0
1
1.65
0
4
2
0
n
111
230
95.0
7
26.0
6
70.0
7
16.0
6
9
1
83
9
8
3
1.45
0
4
2
0
