48.0
235.0
55.0
180.0
2.7
31
11.9
40.5
47.0
44.2
24.8
19.4
2.7
5.28
17.1
18.5
37.0
68.0
27.0
41.0
2.8
8
15.3
25.0
43.0
50.0
29.5
20.5
2.8
9.39
17.5
21.0
78.0
412.0
60.0
352.0
2.7
22
12.6
41.0
74.0
355.0
48.0
307.0
2.7
15.2
14.0
24.0
65.0
148.0
32.0
116.0
2.7
9.3
14.9
23.0
95.5
84.1
33.6
50.5
2.7
32.7
15.7
19.4
38.0
47.0
21.0
26.0
2.6
2.2
16.4
18.0
55.0
72.0
27.0
45.0
2.7
68
16.2
19.0
76.0
114.0
67.0
47.0
2.6
7.18
12.7
20.0
50.0
30.0
14.0
16.0
2.6
4.18
17.8
18.0
76.0
58.0
26.0
32.0
2.6
5.92
16.8
22.0
96.0
276.0
33.0
243.0
2.8
5.43
17.6
19.0
55.0
94.0
40.0
54.0
2.8
0.6
15.1
28.0
48.0
64.0
24.0
40.0
2.8
0.9
16.6
17.0
12.0
27.5
16.4
11.1
2.7
1.28
17.8
18.5
33.0
67.8
22.2
45.6
2.7
19
16.2
20.5
26.0
58.5
25.5
33.0
2.7
2.7
16.5
19.0
58.0
63.0
27.5
35.5
2.7
1.3
14.5
26.0
41.0
64.0
28.5
35.5
2.7
4.49
15.0
28.5
43.0
57.5
29.0
28.5
2.7
5.05
15.5
26.5
38.0
55.0
16.0
39.0
2.7
80
15.8
18.2
34.0
52.0
22.0
30.0
2.7
68
16.9
16.1
39.0
58.0
20.0
38.0
2.7
68
15.3
25.3
27.0
52.0
32.0
20.0
2.7
2.4
17.4
9.2
34.0
36.0
12.0
24.0
2.7
5.6
17.4
12.4
51.0
54.0
34.0
20.0
2.7
3.8
17.4
5.5
37.0
45.0
31.0
14.0
2.7
4.1
17.4
10.1
33.0
39.0
18.0
21.0
2.8
1.7
17.4
8.7
84.0
80.0
17.0
63.0
2.8
9.2
17.4
4.9
71.0
62.0
16.0
46.0
2.8
8.4
17.4
2.1
44.0
57.0
16.0
41.0
2.8
8.5
17.4
1.3
48.0
58.0
30.0
28.0
2.8
5.4
17.4
5.5
36.0
35.0
16.0
19.0
2.8
5.1
17.4
4.6
55.0
44.0
22.0
22.0
2.5
8.1
16.3
17.5
45.0
52.0
18.0
34.0
2.8
8.2
16.5
21.5
33.0
56.0
30.0
26.0
2.7
3.34
16.5
20.0
31.0
55.4
31.5
23.9
2.7
2.97
16.8
22.0
47.0
116.0
41.0
75.0
2.7
5.68
14.9
31.4
48.0
132.0
52.0
80.0
2.7
5.09
15.0
29.2
33.0
43.5
24.9
18.6
2.7
4.65
17.6
14.6
34.0
52.0
22.0
30.0
2.8
3.78
16.5
18.0
51.0
59.0
32.0
27.0
2.7
2.3
16.2
26.2
62.0
54.0
20.0
34.0
2.8
5.7
16.7
20.6
50.0
70.0
21.0
49.0
2.8
9.3
15.5
24.2
66.0
92.0
35.0
57.0
2.7
12.7
14.2
27.1
72.0
76.0
30.0
46.0
2.6
15
16.2
25.0
71.0
64.0
26.0
38.0
2.6
17
16.4
23.0
56.0
60.0
32.0
28.0
2.6
4.78
16.1
21.0
76.0
85.0
39.0
46.0
2.7
6.71
13.9
26.9
42.0
70.7
31.0
39.7
2.7
40
15.2
16.0
52.0
74.6
23.4
51.2
2.6
6.84
14.5
21.0
43.0
55.0
23.0
32.0
2.7
4.5
15.3
22.0
60.0
61.0
31.0
30.0
2.7
5.2
16.7
20.7
25.7
83.7
32.8
50.9
2.6
32.7
15.7
19.4
52.0
57.0
28.0
29.0
2.6
4.4
14.7
24.0
70.0
85.2
33.1
52.1
2.6
20.6
15.2
24.7
38.0
47.0
21.0
26.0
2.6
2.2
16.4
18.0
72.0
76.0
30.0
46.0
2.6
15
16.0
25.0
71.0
64.0
26.0
38.0
2.6
17
16.4
23.0
66.0
69.0
33.0
36.0
2.7
10.1
14.2
25.4
56.0
61.0
30.0
31.0
2.8
9.5
15.2
23.4
57.0
68.0
31.0
37.0
2.7
8.7
14.3
24.0
35.0
50.0
23.0
27.0
2.7
5.8
16.2
20.0
58.0
78.0
29.0
49.0
2.7
6.2
14.8
28.5
58.0
85.0
46.9
38.1
2.3
7
14.5
14.8
65.0
37.0
21.0
16.0
2.7
5.8
18.4
12.8
61.0
58.0
27.0
31.0
2.7
7
17.2
17.1
63.0
77.0
28.0
49.0
2.7
32.7
14.5
26.5
53.0
76.0
24.0
52.0
2.6
18.5
14.6
26.0
20.0
58.0
24.0
34.0
2.7
3.52
14.9
12.0
18.0
30.0
17.0
13.0
2.7
1.8
17.3
18.0
51.0
59.0
32.0
27.0
2.8
2.3
15.9
26.2
66.0
92.0
35.0
57.0
2.7
12.7
14.2
27.1
40.0
180.0
56.0
124.0
2.8
34
13.7
34.0
45.0
57.0
29.0
28.0
2.7
4.32
17.1
17.6
73.0
165.0
60.0
105.0
2.7
21.5
12.6
37.2
41.0
49.0
27.0
22.0
2.9
8
16.3
23.7
15.0
42.8
22.0
20.8
2.7
2.1
17.3
18.9
21.0
59.0
27.0
32.0
2.7
2.8
14.9
23.0
42.0
52.0
20.0
32.0
2.6
4
16.5
24.0
43.0
330.0
43.0
287.0
2.6
18.4
12.2
40.0
31.0
42.6
26.4
16.2
2.8
8.5
16.6
17.0
70.0
72.0
32.0
40.0
2.8
15
15.2
23.4
70.0
62.0
23.0
39.0
2.6
6.5
16.3
17.5
26.0
58.0
30.0
28.0
2.6
13
15.0
17.0
30.0
85.0
37.0
48.0
2.7
17
13.9
21.0
35.0
130.0
48.0
82.0
2.7
28
13.5
23.0
76.0
49.0
29.2
19.8
2.4
5.5
15.9
20.8
21.0
61.9
22.3
39.6
2.7
7.95
15.9
22.2
76.0
63.0
25.0
38.0
2.6
6.4
16.6
24.6
50.0
52.0
20.0
32.0
2.6
4.4
16.5
24.6
56.1
36.3
21.3
15.0
2.7
5.2
16.6
16.8
43.0
62.7
30.4
32.3
2.3
4
15.0
22.8
35.0
50.3
23.8
26.5
2.7
3.4
15.6
21.1
14.7
45.8
25.3
20.5
2.8
1.85
16.0
20.8
41.2
85.3
26.1
59.3
2.8
17.5
15.0
23.4
69.0
87.0
24.0
63.0
2.8
7.5
15.2
23.4
58.0
75.0
28.0
47.0
2.7
5.86
14.3
24.0
30.0
43.0
24.0
19.0
2.6
2.58
15.7
21.5
31.0
84.3
49.5
34.8
2.7
3.45
14.2
24.9
59.0
62.5
30.7
31.8
2.6
5.23
15.4
20.5
32.2
48.0
21.0
27.0
2.7
3.46
17.2
18.0
48.6
65.0
23.0
42.0
2.7
5.32
16.5
19.0
36.0
63.0
29.0
34.0
2.6
11.8
14.5
26.0
21.9
53.6
29.1
24.5
2.7
7.7
17.2
14.6
68.0
95.0
33.0
62.0
2.7
9.54
13.8
30.5
58.0
59.0
28.0
31.0
2.7
5.9
15.9
21.0
50.0
92.0
22.0
70.0
2.8
10.81
16.5
20.0
60.0
69.0
31.0
38.0
2.7
6.2
14.3
24.0
20.0
50.0
29.5
20.5
2.8
9.39
17.5
21.0
40.0
51.0
27.0
24.0
2.7
5.76
16.6
19.7
23.2
51.0
28.0
23.0
2.7
4.7
16.7
17.0
26.5
54.0
28.0
26.0
2.7
5.5
15.9
19.6
33.2
114.7
44.1
70.6
2.6
8.35
14.5
27.9
50.0
62.0
24.0
38.0
2.6
5.40
16.5
14.6
41.0
54.0
23.0
31.0
2.6
4.45
16.8
14.5
51.6
48.2
27.2
21.0
2.3
4.1
16.0
18.0
50.0
60.2
32.0
28.2
2.7
4.3
15.0
22.8
2.9
40.0
18.0
22.0
2.6
1.71
17.3
13.1
8.0
65.0
33.0
32.0
2.1
2.48
15.3
15.4
45.0
53.0
26.0
27.0
2.7
4.03
17.0
21.5
57.4
46.5
28.7
17.8
2.7
5.5
17.9
15.3
10.0
54.4
28.3
26.1
2.7
3.48
15.5
23.0
11.0
34.0
20.0
14.0
2.7
1.61
17.9
14.8
61.0
166.5
110.1
56.4
2.5
6.8
12.9
21.1
79.0
120.0
35.9
84.1
2.6
4.5
13.8
29.0
50.3
46.5
22.7
23.8
2.8
7.45
16.9
15.3
93.3
74.0
27.0
47.0
2.7
11.5
16.2
16.8
6.0
36.0
30.3
5.7
2.7
0.8
18.6
9.0
8.0
40.5
33.1
7.4
2.7
1.02
17.7
11.0
63.0
82.0
30.0
52.0
2.7
6.3
14.6
27.7
57.0
64.0
25.0
39.0
2.6
5.3
15.0
25.1
13.0
43.0
28.0
15.0
2.6
2.2
17.0
15.7
65.0
88.0
33.0
55.0
2.6
6.6
14.0
27.0
38.4
77.8
34.4
43.4
2.3
4.68
14.7
20.5
27.5
35.0
21.2
13.8
2.7
3
18.6
19.6
81.0
385.0
35.0
350.0
2.6
80
12.9
37.0
75.0
208.0
93.0
115.0
2.6
17
11.6
40.0
35.0
42.0
16.0
26.0
2.6
1.6
16.3
18.6
23.0
53.0
29.0
24.0
2.7
4.3
15.1
16.5
23.0
51.0
23.0
28.0
2.7
6
16.1
23.2
23.0
58.0
30.0
28.0
2.7
5.4
15.4
17.2
23.0
51.0
26.0
25.0
2.7
5.7
16.2
16.5
24.0
51.0
25.0
26.0
2.7
6.9
16.3
17.5
24.0
54.0
27.0
27.0
2.7
6.5
16.2
14.5
20.0
42.0
20.0
22.0
2.7
6.6
16.5
18.0
20.0
51.0
23.0
28.0
2.7
6.8
16.1
20.5
20.0
56.0
28.0
28.0
2.7
5.4
14.9
10.5
20.0
54.0
28.0
26.0
2.7
6.7
16.3
17.5
22.0
51.0
28.0
23.0
2.7
5.2
16.0
18.3
21.0
42.0
21.0
21.0
2.7
5.8
16.8
11.4
22.0
50.0
25.0
25.0
2.7
5.8
15.5
17.9
22.0
42.0
21.0
21.0
2.7
5.4
16.5
18.6
22.0
58.0
30.0
28.0
2.7
7.5
16.4
15.0
22.0
56.0
28.0
28.0
2.7
6.6
16.1
18.0
21.0
52.0
26.0
26.0
2.7
6.7
16.2
22.7
25.0
55.0
27.0
28.0
2.7
4.7
14.9
10.1
21.0
46.0
23.0
23.0
2.7
5.5
16.2
18.0
21.0
37.0
16.0
21.0
2.7
6.7
16.8
22.3
21.0
50.0
29.0
21.0
2.7
6.5
16.8
11.5
42.0
50.0
25.0
25.0
2.7
5
15.6
25.3
42.0
50.0
27.0
23.0
2.7
4.2
15.2
22.1
22.0
40.0
20.0
20.0
2.6
5
17.9
13.5
53.0
75.0
29.0
46.0
2.7
5.7
16.0
21.5
22.0
55.0
18.0
37.0
2.7
8.8
16.3
19.0
25.0
63.0
21.0
42.0
2.7
12
16.5
19.0
20.0
46.0
20.0
26.0
2.7
6.2
16.9
19.0
23.0
67.0
29.0
38.0
2.7
11.7
14.9
26.0
5.0
24.0
16.0
8.0
2.6
1
18.1
15.8
9.0
29.6
19.5
10.1
2.6
0.4
18.1
15.8
11.0
33.4
25.4
8.0
2.7
0.3
17.8
16.0
13.0
40.5
29.8
10.7
2.6
0.4
17.0
16.0
62.3
60.2
30.8
29.4
2.8
5.6
16.2
15.0
24.0
36.6
19.7
16.9
2.7
1.1
17.8
22.5
45.0
66.0
21.0
45.0
1.4
5.6
12.3
16.0
5.0
50.8
36.0
14.9
2.6
1
15.4
20.5
64.0
74.8
33.3
41.5
2.6
6.6
16.2
22.1
66.0
71.7
19.0
52.7
2.6
6.57
16.0
19.4
26.0
58.0
30.0
28.0
2.6
12.6
15.0
17.0
64.0
64.0
30.0
34.0
2.7
5.38
15.2
25.0
43.0
52.0
24.0
28.0
2.7
4.3
17.0
17.0
20.0
56.0
17.0
39.0
2.3
3.5
16.0
18.2
10.0
42.6
22.5
20.1
2.7
1.6
17.5
20.2
60.0
69.0
31.0
38.0
2.7
5.1
14.3
24.5
21.0
55.0
28.0
27.0
2.3
2.9
16.1
16.9
13.0
65.0
30.0
35.0
2.7
2.77
16.8
18.5
31.0
29.0
20.0
9.0
2.6
2.4
17.6
17.0
31.0
29.0
20.0
9.0
2.6
2.67
19.1
12.2
31.0
31.0
18.1
12.9
2.7
14.9
16.8
18.4
50.0
50.0
18.0
32.0
2.7
9.8
16.0
16.0
47.8
47.8
23.2
24.6
2.8
5.5
16.9
15.3
48.0
48.0
18.0
30.0
2.7
2.5
15.9
22.9
67.1
67.1
23.5
43.6
2.7
7.4
15.2
23.4
